function OUT = results_numbers()

%----------------------------------------------------
% RVQ (using only decoder codebook)
% i did these experiments thinking i was done for draft 2, 
% but Dr Barnes pointed out that these were wrong since i only used decoder
% codebooks, and i should have used encoder+decoder codebooks.
%----------------------------------------------------
                                %    maxQ   RofE   nulE   monR
	OUT.rvq__1_Dudek___old   =	[    10000  6.68   7.96   7.85  ; 	%m=2
									 8.40   8.19   7.22   8.89  ; 	%m=4
									 9.13   7.95   8.67   8.47  ; 	%m=8
									 8.34  10.02   8.18   7.60  ; 	%m=12
									 8.05  10.08   8.10   9.25 ];  	%m=16
								    %8.48   8.58   8.03   8.41      %mean=DM2_filtered_mean(OUT.rvq__1_Dudek___old, 10000, 1);

%2. davidin300
	OUT.rvq__2_david___old  =   [  	 5.67   6.93   8.72  11.31  ; 	%m=2
									 4.39   5.95   4.59   5     ;   %m=4
									 8.08   6.14   8.50   8.52  ; 	%m=8
									 6.07   5.65   6.70   4.52  ; 	%m=12
									 5.48   5.33   4.60   4.29 ];  	%m=16

3. %sylv
	OUT.rvq__3_sylv____old  = 	[	 4.26   4.29   4.72   5.61 ;
									 4.69   4.66   4.82   4.70 ;
									 4.66   4.56   4.88   4.95 ;
									 4.19   5.03   4.43   4.96 ;
									 4.89   4.54   4.77   4.69 ];

%5. fish
	OUT.rvq__5_fish____old  = 	[	 2.73   3.82   3.93   3.32;
									 2.84   2.97  10.40   2.60;
									13.09   2.60  13.97  13.29;
									 5.24   5.37   4.52   4.44;
									 4.42  12.04   4.87   4.37];

%6. car4
    OUT.rvq__6_car4____old  =   [    5.08   4.86   5.18   5.93;
                                     5.0    5.16   5.03   5.51;
                                     5.12   5.27   5.39   6.35;
                                     5.11   5.34   4.72   5.84;
                                     6.47   6.63   5.52   5.28];
 
 %7. car11
    OUT.rvq__7_car11___old  =   [    2.32   2.23   2.57   2.23;
                                     2.30   2.06   2.12   2.71;
                                     2.14   2.48   3.45  12.04;
                                     2.94   2.90   5.29   10000;
                                    10000   2.78   2.97   2];
%----------------------------------------------------
% RVQ (using encoder + decoder codebook)
%----------------------------------------------------
                                %    maxQ   RofE   nulE   monR
	OUT.rvq__1_Dudek__      =	[    7.78   7.11   9.65  11.81;
                                     7.92   8.43   8.19   9.17;
                                     8.09   8.19   7.97   8.73;
                                     9.34  11.99   8.98  10.64;
                                     9.05   7.55   7.86   8.71];
                                
    OUT.rvq__2_david__     =   [     6.84   9.02   7.17   10000;
                                     4.47   6.21   5.35   5.83;
                                     9.89   5.74   4.63   4.15;
                                     7.16   6.67   6.42   5.25;
                                     7.23   7.31   10000  5.58];
                                
    OUT.rvq__3_sylv___      =   [    4      4.12   4.81   4.31;
                                     4.68   5.54   5.74   4.58;
                                     4.72   4.56   4.74   5.08;
                                     5.04   5.03   5.06   4.50;
                                     5.01   4.54   4.10   5.12];                            
                                
    OUT.rvq__5_fish___      =   [   11.50   2.96   4.03   2.89;
                                     2.78  12.22   2.48   3.62;
                                    12.15   2.73  10.71  11.94;
                                     5.30   5.03   5.18   4.90];
                                
    OUT.rvq__6_car4___      =   [    4.67   4.93   5.28   5.07;
                                     6.38   5.14   5.84   5.18;
                                     5.09   5.50   6.19   4.71;
                                     5.58   5.17   5.86   5.62;
                                     3.97   5.86   5.48   5.24];
                                
    OUT.rvq__7_car11__      =   [    2.32   2.47   2.59   2.47;
                                     2.36   2.33   2.52   2.72;
                                     3.57   2.68   2.96   2.55;
                                     3.23   3.28   8.25  13.81;
                                     2.97   4.31   2.62   6.87];
                                
%----------------------------------------------------
% PCA
%----------------------------------------------------
    OUT.pca__1_Dudek__      =   [    7.44 ; 7.81 ; 8.54    ]; %8, 16, 32
    OUT.pca__2_david__      =   [    8.36 ; 4.60 ; 6.93    ];
    OUT.pca__3_sylv___      =   [    4.34 ; 5.47 ; 5.72    ];    
    OUT.pca__5_fish___      =   [    9.75 ; 2.17 ; 7.98    ];
    OUT.pca__6_car4___      =   [    4.79 ; 4.60 ; 5.52    ];
    OUT.pca__7_car11__      =   [    2.21 ; 2.13 ; 2.39    ];

%----------------------------------------------------
% TSVQ
%----------------------------------------------------

    OUT.tsvq_1_Dudek__      =   [    8.62 ;11.87 ; 9.71   ]; %3, 4, 5
    OUT.tsvq_2_david__      =   [   12.88 ; 6.29 ; 5.93   ]; 
    OUT.tsvq_3_sylv___      =   [    4.70 ; 4.80 ; 4.61   ];        
    OUT.tsvq_5_fish___      =   [   10.07 ; 4.59 ; 5.47   ];
    OUT.tsvq_6_car4___      =   [    5.11 ; 6.79 ; 5.80   ];
    OUT.tsvq_7_car11__      =   [    2.21 ; 5.28 ; 2.94   ];